 1.000000000000000E8     1.001189326459285  -1.679665922138096E1  
 1.500000000000000E8     9.993771569885483E-1  -2.476867263334763E1  
 2.000000000000000E8     9.990476225081331E-1  -3.321467782042882E1  
 2.500000000000000E8     1.001170769256823  -4.154597088257081E1  
 3.000000000000000E8     9.980509216726918E-1  -5.004702071550539E1  
 3.500000000000000E8     9.995799434596913E-1  -5.848873978762460E1  
 4.000000000000000E8     9.987971981907469E-1  -6.724742550673142E1  
 4.500000000000000E8     9.989752190064540E-1  -7.619885502010186E1  
 5.000000000000000E8     9.974771436353539E-1  -8.523107838508591E1  
 5.500000000000000E8     9.956356977959806E-1  -9.444852643408559E1  
 6.000000000000000E8     9.960974951315248E-1  -1.038834094301646E2  
 6.500000000000000E8     9.942840710503451E-1  -1.136393368028730E2  
 7.000000000000000E8     9.923178070215409E-1  -1.236687685995080E2  
 7.500000000000000E8     9.908067439761082E-1  -1.340866265348526E2  
 8.000000000000000E8     9.891474972785033E-1  -1.448663107860814E2  
 8.500000000000000E8     9.854842570510543E-1  -1.561774045463865E2  
 9.000000000000000E8     9.825338944569579E-1  -1.681288999564220E2  
 9.500000000000000E8     9.758321568262304E-1   1.791782329127001E2  
 1.000000000000000E9     9.691568965213168E-1   1.655807493268372E2  
 1.050000000000000E9     9.600415634754300E-1   1.509906147835361E2  
 1.100000000000000E9     9.427366211707930E-1   1.350384842447848E2  
 1.150000000000000E9     9.198536716186774E-1   1.176010332875704E2  
 1.200000000000000E9     8.895666295249477E-1   9.823355961502328E1  
 1.250000000000000E9     8.428805577711718E-1   7.654878771228256E1  
 1.300000000000000E9     7.669368633312872E-1   5.246026022377713E1  
 1.350000000000000E9     6.705627378740496E-1   2.631736319075511E1  
 1.400000000000000E9     5.719860233272475E-1  -1.794641484807123  
 1.450000000000000E9     4.565018419188427E-1  -3.079691468173320E1  
 1.500000000000000E9     3.594745511830543E-1  -5.934513158722120E1  
 1.550000000000000E9     2.914114078963597E-1  -8.497174313094598E1  
 1.600000000000000E9     2.357492842406602E-1  -1.180796833466034E2  
 1.650000000000000E9     1.871428718031012E-1  -1.396377430405728E2  
 1.700000000000000E9     1.745526724300621E-1  -1.570915054545205E2  
 1.750000000000000E9     1.641541912140091E-1   1.793398085856969E2  
 1.800000000000000E9     1.555776566998091E-1   1.548973267645981E2  
 1.850000000000000E9     1.338691646302476E-1   1.306252221285266E2  
 1.900000000000000E9     1.247574858130185E-1   1.075435187328948E2  
 1.950000000000000E9     1.096206250241038E-1   8.408189568170086E1  
 2.000000000000000E9     8.636898169829860E-2   6.469178312423247E1  
 2.050000000000000E9     7.177237307817780E-2   3.369399032102417E1  
 2.100000000000000E9     6.052365623476112E-2  -6.117366553228909E-2  
 2.150000000000000E9     4.738553462277105E-2  -3.782689926286702E1  
 2.200000000000000E9     4.868781300579905E-2  -6.583556189354343E1  
 2.250000000000000E9     5.185792890463920E-2  -1.070174737168971E2  
 2.300000000000000E9     5.808977452803021E-2  -1.368277271515707E2  
 2.350000000000000E9     7.946999131783965E-2  -1.552294418055623E2  
 2.400000000000000E9     7.300548449544779E-2  -1.757988970946305E2  
 2.450000000000000E9     8.568399130358644E-2   1.728941359101378E2  
 2.500000000000000E9     9.655954259944211E-2   1.582591280453546E2  
 2.550000000000000E9     1.023945527221775E-1   1.454927096991957E2  
 2.600000000000000E9     1.173529197988744E-1   1.404614301022378E2  
 2.650000000000000E9     1.099061678248346E-1   1.314892693669044E2  
 2.700000000000000E9     1.155421609779688E-1   1.214119217301205E2  
 2.750000000000000E9     1.164087762897826E-1   1.059947773298446E2  
 2.800000000000000E9     1.266771850419223E-1   9.524166959851289E1  
 2.850000000000000E9     1.380230860384888E-1   8.556855310863628E1  
 2.900000000000000E9     1.403403857506464E-1   7.539647385247322E1  
 2.950000000000000E9     1.305283064489011E-1   6.497960183151260E1  
 3.000000000000000E9     1.246371430976336E-1   5.398050586641598E1  
 3.050000000000000E9     1.269140266505703E-1   4.219909210435638E1  
 3.100000000000000E9     1.281461960973273E-1   3.194627972534007E1  
 3.150000000000000E9     1.251380598652982E-1   2.107197762032503E1  
 3.200000000000000E9     1.167698473470545E-1   8.375322711770799  
 3.250000000000000E9     1.131408154632583E-1  -2.655532054898174  
 3.300000000000000E9     1.151233431289366E-1  -1.442061164945539E1  
 3.350000000000000E9     1.121710777467202E-1  -2.713013334198491E1  
 3.400000000000000E9     9.958630444016876E-2  -3.848365904359645E1  
 3.450000000000000E9     8.897663235770302E-2  -4.845160513411501E1  
 3.500000000000000E9     8.087751277206939E-2  -6.680657590369366E1  
 3.550000000000000E9     7.289500307121070E-2  -8.417833436862529E1  
 3.600000000000000E9     6.889788538009935E-2  -9.805613857534850E1  
 3.650000000000000E9     6.113685425587877E-2  -1.152897484565458E2  
 3.700000000000000E9     5.956140249678944E-2  -1.482740416868148E2  
 3.750000000000000E9     5.771464321833474E-2  -1.760135294991806E2  
 3.800000000000000E9     6.858037732602902E-2   1.612058196628787E2  
 3.850000000000000E9     7.549448950828108E-2   1.416692722009002E2  
 3.900000000000000E9     9.129894900492425E-2   1.190303387047038E2  
 3.950000000000000E9     1.095139816503685E-1   9.865130585912721E1  
 4.000000000000000E9     1.307520085837112E-1   7.929224167160325E1  
 4.050000000000000E9     1.471336043560685E-1   6.300974324639466E1  
 4.100000000000000E9     1.632326425698551E-1   4.622921221153042E1  
 4.150000000000000E9     1.774578877456908E-1   2.805707347793101E1  
 4.200000000000000E9     1.834321810288798E-1   1.057268178779786E1  
 4.250000000000000E9     1.817044056582451E-1  -3.895534596907293  
 4.300000000000000E9     1.772419302078926E-1  -1.706483189554605E1  
 4.350000000000000E9     1.640394013285846E-1  -3.050261262054367E1  
 4.400000000000000E9     1.565316871890666E-1  -4.240022661706801E1  
 4.450000000000000E9     1.465780246115814E-1  -5.261694720193502E1  
 4.500000000000000E9     1.407943353320617E-1  -6.031566403449012E1  
 4.550000000000000E9     1.298950847770775E-1  -7.208486361613271E1  
 4.600000000000000E9     1.189284237389018E-1  -8.178014424189149E1  
 4.650000000000000E9     1.051577231713703E-1  -9.401681897415864E1  
 4.700000000000000E9     9.011518200004660E-2  -1.006681319716195E2  
 4.750000000000000E9     7.491759706445358E-2  -1.056157427395062E2  
 4.800000000000000E9     5.819732020128179E-2  -1.082686664419952E2  
 4.850000000000000E9     4.019046873077880E-2  -1.040353186427030E2  
 4.900000000000000E9     3.242847413212102E-2  -9.251805070680774E1  
 4.950000000000000E9     4.003742073332182E-2  -7.050744650121813E1  
 5.000000000000000E9     5.488471221151733E-2  -6.138042224634356E1  
 5.050000000000000E9     7.042471412435099E-2  -6.813817863288497E1  
 5.100000000000000E9     8.176198937790818E-2  -7.375428799747083E1  
 5.150000000000000E9     9.512274697778317E-2  -8.002170252453210E1  
 5.200000000000000E9     1.016418897849571E-1  -8.742073994463286E1  
 5.250000000000000E9     1.144449678633154E-1  -9.804407025119578E1  
 5.300000000000000E9     1.195533732054353E-1  -1.072947721522285E2  
 5.350000000000000E9     1.224043566106900E-1  -1.170870434145645E2  
 5.400000000000000E9     1.284937041509364E-1  -1.297506261515400E2  
 5.450000000000000E9     1.314654143384546E-1  -1.430754639920982E2  
 5.500000000000000E9     1.376547712603647E-1  -1.558147764481994E2  
 5.550000000000000E9     1.375727295849774E-1  -1.711885718057151E2  
 5.600000000000000E9     1.346284093704059E-1   1.759735054022055E2  
 5.650000000000000E9     1.291085810156277E-1   1.611169733705856E2  
 5.700000000000000E9     1.179925256030224E-1   1.485997620116038E2  
 5.750000000000000E9     1.131651277617885E-1   1.335126237272256E2  
 5.800000000000000E9     9.812825868154521E-2   1.154323379475788E2  
 5.850000000000000E9     8.976499912213108E-2   9.850880346888761E1  
 5.900000000000000E9     8.067187378534657E-2   7.671499897037248E1  
 5.950000000000000E9     7.258577944202452E-2   5.712920457261726E1  
 6.000000000000000E9     6.445073064978460E-2   3.459809354970421E1  
 6.050000000000000E9     5.511997456377657E-2   1.354874067591280E1  
 6.100000000000000E9     4.868842570723862E-2  -1.458403145321962E1  
 6.150000000000000E9     4.806279919093492E-2  -3.281235308955054E1  
 6.200000000000000E9     4.768812976808416E-2  -5.542673877880900E1  
 6.250000000000000E9     4.724821867584465E-2  -7.719543388364984E1  
 6.300000000000000E9     4.808173907272927E-2  -9.704874716252161E1  
 6.350000000000000E9     4.655029853110276E-2  -1.130039788520048E2  
 6.400000000000000E9     4.556916679375513E-2  -1.320087559667668E2  
 6.450000000000000E9     4.155999510323221E-2  -1.488465639071448E2  
 6.500000000000000E9     4.109523733946027E-2  -1.721801502632869E2  
 6.550000000000000E9     4.230015614522958E-2   1.667233686750382E2  
 6.600000000000000E9     4.470667771616934E-2   1.490059094579744E2  
 6.650000000000000E9     4.539353313644248E-2   1.347741713880595E2  
 6.700000000000000E9     4.891651339401948E-2   1.193748675158388E2  
 6.750000000000000E9     4.975168614703270E-2   1.026546182729244E2  
 6.800000000000000E9     5.207172981090138E-2   9.080673195735112E1  
 6.850000000000000E9     4.971838096911212E-2   6.928541936769732E1  
 6.900000000000000E9     5.133505677571632E-2   4.936081203752326E1  
 6.950000000000000E9     5.213065777633884E-2   3.096231003582751E1  
 7.000000000000000E9     5.781657584204469E-2   1.613659044767981E1  
 7.050000000000000E9     5.718369236249778E-2   4.524491314924116  
 7.100000000000000E9     5.744100464275515E-2  -1.096944379101994E1  
 7.150000000000000E9     5.856154540858723E-2  -2.662181725504722E1  
 7.200000000000000E9     6.054354790383131E-2  -3.721761799582885E1  
 7.250000000000000E9     6.038270243742552E-2  -4.956929554475018E1  
 7.300000000000000E9     5.863450780101667E-2  -6.155188229712901E1  
 7.350000000000000E9     5.442322973074427E-2  -7.248165007220412E1  
 7.400000000000000E9     5.099105227689680E-2  -8.282905029533649E1  
 7.450000000000000E9     4.872296398237027E-2  -9.434663481545734E1  
 7.500000000000000E9     4.467493773059662E-2  -9.747852621000071E1  
 7.550000000000000E9     3.604124012726008E-2  -9.894225570428435E1  
 7.600000000000000E9     2.931980580950539E-2  -1.017604284971364E2  
 7.650000000000000E9     2.084510199691443E-2  -1.065733934428868E2  
 7.700000000000000E9     1.678912849891785E-2  -1.021975859458679E2  
 7.750000000000000E9     1.114676902286956E-2  -8.595470045756099E1  
 7.800000000000000E9     9.434072853678753E-3  -4.848215290683201E1  
 7.850000000000000E9     1.171393840169206E-2  -2.456100825894988E1  
 7.900000000000000E9     1.745274971770622E-2  -1.881340984726648E1  
 7.950000000000000E9     2.377830061419825E-2  -2.397394272436242E1  
 8.000000000000000E9     3.070486948113889E-2  -2.782243435502711E1  
 8.050000000000000E9     3.982487405541883E-2  -3.667582367448233E1  
 8.100000000000000E9     4.954953453295838E-2  -4.463573698855274E1  
 8.150000000000000E9     5.893563026091251E-2  -5.227090215509286E1  
 8.200000000000000E9     6.428213976714145E-2  -5.827025125459451E1  
 8.250000000000000E9     6.792813017919890E-2  -6.541985267582726E1  
 8.300000000000000E9     7.220292749934754E-2  -7.280211172399264E1  
 8.350000000000000E9     7.355387539631196E-2  -7.983199144542914E1  
 8.400000000000000E9     6.954417043861426E-2  -8.713454705131255E1  
 8.450000000000000E9     6.881394443588894E-2  -9.681027950712388E1  
 8.500000000000000E9     6.854507039368853E-2  -1.045488720557677E2  
 8.550000000000000E9     6.332839717535141E-2  -1.121790612783563E2  
 8.600000000000000E9     6.294269019919578E-2  -1.158605725677061E2  
 8.650000000000000E9     6.063104200944065E-2  -1.191366460127513E2  
 8.700000000000000E9     5.556923645615623E-2  -1.254460589901288E2  
 8.750000000000000E9     4.947796274199529E-2  -1.288161820762468E2  
 8.800000000000000E9     4.750556294853855E-2  -1.333807721632277E2  
 8.850000000000000E9     4.254803581002047E-2  -1.334173444630836E2  
 8.900000000000000E9     4.133196134459017E-2  -1.371132092355473E2  
 8.950000000000000E9     3.795382595850062E-2  -1.345709066482320E2  
 9.000000000000000E9     3.772688608520013E-2  -1.355200651582563E2  
 9.050000000000000E9     3.459075602397121E-2  -1.316687333675779E2  
 9.100000000000000E9     3.546815483569425E-2  -1.276900971028897E2  
 9.150000000000000E9     3.605567974273036E-2  -1.178916897004674E2  
 9.200000000000000E9     3.985564419753369E-2  -1.121164670071210E2  
 9.250000000000000E9     4.678498834680030E-2  -1.114564438061388E2  
 9.300000000000000E9     5.358843994648777E-2  -1.178214993120113E2  
 9.350000000000000E9     6.128643764691812E-2  -1.230297821436414E2  
 9.400000000000000E9     6.518911889098329E-2  -1.316261542871072E2  
 9.450000000000000E9     6.959994547829773E-2  -1.382869522378353E2  
 9.500000000000000E9     7.112215210976018E-2  -1.476590099502517E2  
 9.550000000000000E9     7.327838543350512E-2  -1.567370907346713E2  
 9.600000000000000E9     7.533851821905835E-2  -1.684053982873203E2  
 9.650000000000000E9     7.414289924433135E-2  -1.784900418458983E2  
 9.700000000000000E9     7.189787511220730E-2   1.711304652340944E2  
 9.750000000000000E9     6.777663251802647E-2   1.605545604371605E2  
 9.800000000000000E9     6.237501493098831E-2   1.505284018746149E2  
 9.850000000000000E9     5.358395838396524E-2   1.376680364060116E2  
 9.900000000000000E9     4.364278526595427E-2   1.275566210123398E2  
 9.950000000000000E9     3.425150857183727E-2   1.134644077719421E2  
 1.000000000000000E10    2.808329216396115E-2   9.620436727397799E1  
 1.005000000000000E10    2.259653332115620E-2   7.467577420279582E1  
 1.010000000000000E10    2.016571110861516E-2   5.646317047475909E1  
 1.015000000000000E10    1.459653889196660E-2   3.373334848476527E1  
 1.020000000000000E10    1.046660518681462E-2   4.358289666116487  
 1.025000000000000E10    9.500764642952403E-3  -3.447717492995283E1  
 1.030000000000000E10    1.032714428965884E-2  -8.279838660563216E1  
 1.035000000000000E10    1.282222286119182E-2  -1.056610128448888E2  
 1.040000000000000E10    1.469325997144367E-2  -1.270081999233134E2  
 1.045000000000000E10    1.809092702341285E-2  -1.464359382029290E2  
 1.050000000000000E10    2.137030897995659E-2  -1.647604683751764E2  
 1.055000000000000E10    2.265541182749612E-2  -1.777686326711151E2  
 1.060000000000000E10    2.469291687500943E-2   1.641624210948317E2  
 1.065000000000000E10    2.616497424000388E-2   1.490191215984330E2  
 1.070000000000000E10    2.606496836886269E-2   1.326721263959476E2  
 1.075000000000000E10    2.859437260937887E-2   1.184179688753702E2  
 1.080000000000000E10    3.046111927539687E-2   9.891765261239105E1  
 1.085000000000000E10    3.359503755271820E-2   8.246798421208966E1  
 1.090000000000000E10    3.639944695801295E-2   6.613015327501597E1  
 1.095000000000000E10    3.893509124954657E-2   4.927862856618587E1  
 1.100000000000000E10    4.135572717742197E-2   3.415045390049132E1  
 1.105000000000000E10    4.435457566206409E-2   1.829781206596046E1  
 1.110000000000000E10    4.907813013353125E-2   3.308362017990266  
 1.115000000000000E10    5.312698061874301E-2  -7.892898285780155  
 1.120000000000000E10    5.480982172771006E-2  -1.772215350271407E1  
 1.125000000000000E10    5.534505673963416E-2  -2.976344492730622E1  
 1.130000000000000E10    5.640689940702694E-2  -4.035404398066592E1  
 1.135000000000000E10    5.646343179486895E-2  -5.210621304809743E1  
 1.140000000000000E10    5.429001503288389E-2  -6.144294857891535E1  
 1.145000000000000E10    5.193601599077462E-2  -6.908085110785839E1  
 1.150000000000000E10    4.979982293927138E-2  -7.699136741334536E1  
 1.155000000000000E10    4.537945273978621E-2  -8.249023860948833E1  
 1.160000000000000E10    4.035839927122244E-2  -8.842684817522694E1  
 1.165000000000000E10    3.592274017520701E-2  -8.887337551140632E1  
 1.170000000000000E10    2.985818616354001E-2  -8.438946469518112E1  
 1.175000000000000E10    2.664396179783482E-2  -8.010222769286042E1  
 1.180000000000000E10    2.204359757239715E-2  -7.236907313157043E1  
 1.185000000000000E10    2.285924178036146E-2  -6.072234068031607E1  
 1.190000000000000E10    2.707629649553823E-2  -5.071254328146950E1  
 1.195000000000000E10    3.148383150983983E-2  -4.655057703819256E1  
 1.200000000000000E10    3.832516629078680E-2  -4.575410555502849E1  
 1.205000000000000E10    4.454818972909777E-2  -4.789521335153349E1  
 1.210000000000000E10    5.256592814637309E-2  -5.248445458028294E1  
 1.215000000000000E10    6.086550226092257E-2  -5.765276161228762E1  
 1.220000000000000E10    6.697477179452642E-2  -6.249533757108173E1  
 1.225000000000000E10    7.206994913420688E-2  -6.822186803742220E1  
 1.230000000000000E10    7.697666858053207E-2  -7.247990809632877E1  
 1.235000000000000E10    7.822510275671621E-2  -7.843661078133691E1  
 1.240000000000000E10    7.943155436300455E-2  -8.471361794967619E1  
 1.245000000000000E10    7.918124651932287E-2  -9.177493206570293E1  
 1.250000000000000E10    7.809108953452539E-2  -9.819172328592310E1  
 1.255000000000000E10    7.663454138685029E-2  -1.038796525975668E2  
 1.260000000000000E10    7.732935436654531E-2  -1.095092753744355E2  
 1.265000000000000E10    7.529618374629914E-2  -1.145136113286117E2  
 1.270000000000000E10    7.553762324345825E-2  -1.187421720815837E2  
 1.275000000000000E10    7.278693822995938E-2  -1.207873039154217E2  
 1.280000000000000E10    6.763075305784939E-2  -1.233337285818147E2  
 1.285000000000000E10    6.475435884229548E-2  -1.242138027442656E2  
 1.290000000000000E10    6.214382922199700E-2  -1.237389409551279E2  
 1.295000000000000E10    6.045468554326458E-2  -1.208127313181398E2  
 1.300000000000000E10    5.950237367570008E-2  -1.179266344642780E2  
 1.305000000000000E10    6.059639974943568E-2  -1.121854120651285E2  
 1.310000000000000E10    6.325612944881684E-2  -1.098966205603494E2  
 1.315000000000000E10    6.704543525029894E-2  -1.073029252091456E2  
 1.320000000000000E10    7.210086722201989E-2  -1.077561655009862E2  
 1.325000000000000E10    7.876601634663015E-2  -1.092920274186010E2  
 1.330000000000000E10    8.465418282519405E-2  -1.129436899747449E2  
 1.335000000000000E10    8.984497532674533E-2  -1.169538217975356E2  
 1.340000000000000E10    9.500367918534999E-2  -1.224608526533926E2  
 1.345000000000000E10    1.002529320840254E-1  -1.282917390840401E2  
 1.350000000000000E10    1.049507410066512E-1  -1.342978612920430E2  
 1.355000000000000E10    1.087248732749820E-1  -1.407039821094114E2  
 1.360000000000000E10    1.112249864794755E-1  -1.461649162095074E2  
 1.365000000000000E10    1.132130830942695E-1  -1.527947692166324E2  
 1.370000000000000E10    1.133095200992452E-1  -1.584469632813194E2  
 1.375000000000000E10    1.129785145810241E-1  -1.634170864817434E2  
 1.380000000000000E10    1.109127933760974E-1  -1.685138503257901E2  
 1.385000000000000E10    1.070192799694709E-1  -1.738126173065545E2  
 1.390000000000000E10    1.014465178745597E-1  -1.792729729575824E2  
 1.395000000000000E10    9.516113120996982E-2   1.748582311088207E2  
 1.400000000000000E10    8.856468175933253E-2   1.700424227231572E2  
 1.405000000000000E10    8.096347455851179E-2   1.659807209573213E2  
 1.410000000000000E10    7.365639306360829E-2   1.618108259306460E2  
 1.415000000000000E10    6.754871155053764E-2   1.587372925825836E2  
 1.420000000000000E10    6.172441005822291E-2   1.570203329622211E2  
 1.425000000000000E10    5.731003120605240E-2   1.563773590408285E2  
 1.430000000000000E10    5.338437817002390E-2   1.564295578923851E2  
 1.435000000000000E10    5.119685252678089E-2   1.579828507602631E2  
 1.440000000000000E10    5.014845391213969E-2   1.606419713553029E2  
 1.445000000000000E10    5.079747558446845E-2   1.631262061207289E2  
 1.450000000000000E10    5.263699644580040E-2   1.614936215884899E2  
 1.455000000000000E10    5.287259179703745E-2   1.605702046644268E2  
 1.460000000000000E10    5.308563740750900E-2   1.569062498606733E2  
 1.465000000000000E10    5.402798942070453E-2   1.519720863852798E2  
 1.470000000000000E10    5.596967536450119E-2   1.463590531778938E2  
 1.475000000000000E10    5.571240445776438E-2   1.403243783725658E2  
 1.480000000000000E10    5.545490585532194E-2   1.345004671964237E2  
 1.485000000000000E10    5.411959078570822E-2   1.281367158405588E2  
 1.490000000000000E10    5.291156310392002E-2   1.223617293726717E2  
 1.495000000000000E10    4.951594099940819E-2   1.143852749318520E2  
 1.500000000000000E10    4.625570000451205E-2   1.057774141473457E2  
 1.505000000000000E10    4.293889040531242E-2   9.865996298394236E1  
 1.510000000000000E10    3.952113843597947E-2   9.078149247379288E1  
 1.515000000000000E10    3.732046192229006E-2   8.044711064260829E1  
 1.520000000000000E10    3.239514335559286E-2   6.990622452659495E1  
 1.525000000000000E10    2.949372049569924E-2   5.665922726300614E1  
 1.530000000000000E10    2.757386937080832E-2   4.218799737396469E1  
 1.535000000000000E10    2.653922208686687E-2   3.248542024301793E1  
 1.540000000000000E10    2.511131273497792E-2   2.192830228621810E1  
 1.545000000000000E10    2.451059391378658E-2   1.102305904451490E1  
 1.550000000000000E10    2.327175589701156E-2   1.951832489547618  
 1.555000000000000E10    2.419447769334020E-2  -6.988913873908856  
 1.560000000000000E10    2.271173517383059E-2  -1.520590685213821E1  
 1.565000000000000E10    2.217044825047341E-2  -1.913681545914626E1  
 1.570000000000000E10    2.149777113390895E-2  -2.509304348753384E1  
 1.575000000000000E10    2.102126953530652E-2  -2.943955195665793E1  
 1.580000000000000E10    2.264984674382009E-2  -3.116706652111455E1  
 1.585000000000000E10    2.392737789962628E-2  -3.334382604076053E1  
 1.590000000000000E10    2.495162300208497E-2  -3.324779686871843E1  
 1.595000000000000E10    2.613777765766873E-2  -3.416113371725147E1  
 1.600000000000000E10    2.798797378043492E-2  -4.114181617028665E1  
 1.605000000000000E10    3.344386988372344E-2  -4.540787288363662E1  
 1.610000000000000E10    3.795211182026013E-2  -4.848987505632559E1  
 1.615000000000000E10    4.413243207650418E-2  -5.453029336440401E1  
 1.620000000000000E10    4.983398587362261E-2  -5.858082485000607E1  
 1.625000000000000E10    5.564715589968151E-2  -6.341366122932419E1  
 1.630000000000000E10    6.060238846201324E-2  -6.759809150845496E1  
 1.635000000000000E10    6.519625681424093E-2  -7.195480963282664E1  
 1.640000000000000E10    6.888975978126889E-2  -7.633272403458713E1  
 1.645000000000000E10    7.044507178390928E-2  -8.057252530520259E1  
 1.650000000000000E10    7.172005356514945E-2  -8.569893257800432E1  
 1.655000000000000E10    7.264806246446774E-2  -9.217007579432678E1  
 1.660000000000000E10    7.310299687884966E-2  -9.786891050434986E1  
 1.665000000000000E10    7.405700684526174E-2  -1.028645387208536E2  
 1.670000000000000E10    7.430045398025367E-2  -1.071016353464727E2  
 1.675000000000000E10    7.463090056732899E-2  -1.112609818944912E2  
 1.680000000000000E10    7.474889927558971E-2  -1.142105344004490E2  
 1.685000000000000E10    7.461522261742690E-2  -1.165252779280414E2  
 1.690000000000000E10    7.554489919233706E-2  -1.182468787648899E2  
 1.695000000000000E10    7.531929620554799E-2  -1.201490293024955E2  
 1.700000000000000E10    7.742474476530299E-2  -1.205000535860549E2  
 1.705000000000000E10    7.825632022948377E-2  -1.220919727256341E2  
 1.710000000000000E10    7.967453250156242E-2  -1.228320842327911E2  
 1.715000000000000E10    8.217629447525056E-2  -1.235874169634001E2  
 1.720000000000000E10    8.363199385576207E-2  -1.260821116100176E2  
 1.725000000000000E10    8.690217764982673E-2  -1.280435668262201E2  
 1.730000000000000E10    9.149701280953164E-2  -1.310904404441411E2  
 1.735000000000000E10    9.626676920918152E-2  -1.343063307769946E2  
 1.740000000000000E10    1.007221688524273E-1  -1.374249756708401E2  
 1.745000000000000E10    1.044566086853059E-1  -1.414491140707092E2  
 1.750000000000000E10    1.076885549551676E-1  -1.452907248017673E2  
 1.755000000000000E10    1.091128634730095E-1  -1.497471433090259E2  
 1.760000000000000E10    1.111942782352337E-1  -1.546489506227601E2  
 1.765000000000000E10    1.133622695994034E-1  -1.595268955273702E2  
 1.770000000000000E10    1.139823772308276E-1  -1.644876888185042E2  
 1.775000000000000E10    1.128052623236895E-1  -1.695659179733566E2  
 1.780000000000000E10    1.130792816522400E-1  -1.748090139953289E2  
 1.785000000000000E10    1.105844928102686E-1  -1.794485771529544E2  
 1.790000000000000E10    1.071830931925627E-1   1.762680690355343E2  
 1.795000000000000E10    1.029374722622068E-1   1.717614565092983E2  
 1.800000000000000E10    9.755545329261495E-2   1.677145187022334E2  
 1.805000000000000E10    9.362120228649314E-2   1.645217698831046E2  
 1.810000000000000E10    8.754048134643826E-2   1.609979201954680E2  
 1.815000000000000E10    8.225094144465182E-2   1.569439962346186E2  
 1.820000000000000E10    7.807482471158271E-2   1.536015438773803E2  
 1.825000000000000E10    7.402096123129477E-2   1.507911284555310E2  
 1.830000000000000E10    7.229841765414014E-2   1.504856369072422E2  
 1.835000000000000E10    6.989874970012958E-2   1.489420903330703E2  
 1.840000000000000E10    6.862424835513474E-2   1.483735041074886E2  
 1.845000000000000E10    6.785525993621200E-2   1.492471547193883E2  
 1.850000000000000E10    6.669289523956715E-2   1.488415658816858E2  
 1.855000000000000E10    6.714002872572397E-2   1.474312280064541E2  
 1.860000000000000E10    6.935568990461451E-2   1.453087194026242E2  
 1.865000000000000E10    7.096865544298962E-2   1.430757061777775E2  
 1.870000000000000E10    7.216983101669100E-2   1.397576218959581E2  
 1.875000000000000E10    7.256878789050485E-2   1.339653498029125E2  
 1.880000000000000E10    7.287917491933696E-2   1.280232595453898E2  
 1.885000000000000E10    7.303061277032907E-2   1.216443697218569E2  
 1.890000000000000E10    7.298807622460185E-2   1.135285399369410E2  
 1.895000000000000E10    7.254628980327410E-2   1.060520580656808E2  
 1.900000000000000E10    7.231366851785946E-2   9.901244747256672E1  
 1.905000000000000E10    6.820075441571144E-2   8.892160728295802E1  
 1.910000000000000E10    6.643499407258281E-2   7.880325009320420E1  
 1.915000000000000E10    6.347962420167293E-2   6.820965047965497E1  
 1.920000000000000E10    6.006597307779832E-2   5.812826753900385E1  
 1.925000000000000E10    5.752987357291181E-2   4.579111880548110E1  
 1.930000000000000E10    5.621232813052390E-2   3.375150731773795E1  
 1.935000000000000E10    5.540495722423285E-2   2.228924508399743E1  
 1.940000000000000E10    5.402648603587769E-2   1.033450395842545E1  
 1.945000000000000E10    5.530695543175995E-2  -2.616468368497532E-1  
 1.950000000000000E10    5.627754658425460E-2  -1.066329769890132E1  
 1.955000000000000E10    6.001449562525750E-2  -1.973653446095440E1  
 1.960000000000000E10    6.443289848250604E-2  -2.714457137852309E1  
 1.965000000000000E10    6.918680114409063E-2  -3.444034957170864E1  
 1.970000000000000E10    7.680855474075941E-2  -4.227327421031707E1  
 1.975000000000000E10    8.561604406189004E-2  -4.909477983938271E1  
 1.980000000000000E10    9.588817507833736E-2  -5.508627737558512E1  
 1.985000000000000E10    1.080363400853073E-1  -6.070623869794837E1  
 1.990000000000000E10    1.205660013450569E-1  -6.748961978692419E1  
 1.995000000000000E10    1.370349255264456E-1  -7.374033259587507E1  
 2.000000000000000E10    1.535203010863228E-1  -8.083410094022742E1  
 2.005000000000000E10    1.728653381870808E-1  -8.782435955676530E1  
 2.010000000000000E10    1.923207682772217E-1  -9.508577634228239E1  
 2.015000000000000E10    2.142865892801723E-1  -1.025967642270076E2  
 2.020000000000000E10    2.355000378221842E-1  -1.102045155532539E2  
 2.025000000000000E10    2.607241998699534E-1  -1.181527424993798E2  
 2.030000000000000E10    2.857244830788600E-1  -1.258744477380054E2  
 2.035000000000000E10    3.115708725545164E-1  -1.339652608485854E2  
 2.040000000000000E10    3.385746078183998E-1  -1.420707264902463E2  
 2.045000000000000E10    3.652706877459541E-1  -1.504048978527008E2  
 2.050000000000000E10    3.954697463189905E-1  -1.590575495333005E2  
 2.055000000000000E10    4.258900520542329E-1  -1.678847430611731E2  
 2.060000000000000E10    4.586693678998575E-1  -1.769075195635418E2  
 2.065000000000000E10    4.907517646340212E-1   1.739466991201089E2  
 2.070000000000000E10    5.234761562211260E-1   1.642408289846906E2  
 2.075000000000000E10    5.561136252912383E-1   1.545662477440706E2  
 2.080000000000000E10    5.873716994793059E-1   1.445626167391044E2  
 2.085000000000000E10    6.158649171334256E-1   1.345246653780880E2  
 2.090000000000000E10    6.410209273026835E-1   1.243189938964035E2  
 2.095000000000000E10    6.636773276283383E-1   1.139596882836270E2  
 2.100000000000000E10    6.819205111911655E-1   1.037695422332991E2  
 2.105000000000000E10    6.980264845631056E-1   9.345700818022107E1  
 2.110000000000000E10    7.117485951383684E-1   8.355856743023747E1  
 2.115000000000000E10    7.214561822738486E-1   7.368992742657832E1  
 2.120000000000000E10    7.303324334309387E-1   6.397850365309436E1  
 2.125000000000000E10    7.374715508635075E-1   5.448964282510683E1  
 2.130000000000000E10    7.443981720188168E-1   4.517740231903075E1  
 2.135000000000000E10    7.500867771212109E-1   3.603205168712094E1  
 2.140000000000000E10    7.549508417863463E-1   2.706342108901307E1  
 2.145000000000000E10    7.590080612504089E-1   1.810230880023326E1  
 2.150000000000000E10    7.637396839986105E-1   9.201849478924743  
 2.155000000000000E10    7.677788421586300E-1   6.359580952626068E-1  
 2.160000000000000E10    7.698223955856162E-1  -8.000448852291610  
 2.165000000000000E10    7.739168903055151E-1  -1.646449562100558E1  
 2.170000000000000E10    7.759570339580695E-1  -2.482445958139860E1  
 2.175000000000000E10    7.777351359903998E-1  -3.313487900110622E1  
 2.180000000000000E10    7.780406744219834E-1  -4.132322838076021E1  
 2.185000000000000E10    7.775410060743959E-1  -4.936889617512199E1  
 2.190000000000000E10    7.761634059064392E-1  -5.742949270742375E1  
 2.195000000000000E10    7.733552212494353E-1  -6.531702721801727E1  
 2.200000000000000E10    7.684400725748496E-1  -7.311638865201545E1  
 2.205000000000000E10    7.628934137152520E-1  -8.075289330754723E1  
 2.210000000000000E10    7.556750742549550E-1  -8.822841566175164E1  
 2.215000000000000E10    7.467473907992583E-1  -9.563101011744479E1  
 2.220000000000000E10    7.366957379914372E-1  -1.030069660348535E2  
 2.225000000000000E10    7.262175226230460E-1  -1.100346426617778E2  
 2.230000000000000E10    7.136318122270294E-1  -1.170840160124893E2  
 2.235000000000000E10    7.009263285640119E-1  -1.237691901276386E2  
 2.240000000000000E10    6.853060429043041E-1  -1.304413535326034E2  
 2.245000000000000E10    6.717402213760692E-1  -1.369353929464863E2  
 2.250000000000000E10    6.556059157362193E-1  -1.432524061112295E2  
 2.255000000000000E10    6.400941026519670E-1  -1.494674703111473E2  
 2.260000000000000E10    6.245516570138548E-1  -1.554214933395386E2  
 2.265000000000000E10    6.095933423261207E-1  -1.613306212674246E2  
 2.270000000000000E10    5.929369641496662E-1  -1.669891421413443E2  
 2.275000000000000E10    5.754621410889265E-1  -1.726166706183610E2  
 2.280000000000000E10    5.614051377652802E-1  -1.781208570525764E2  
 2.285000000000000E10    5.452002765397881E-1   1.765390112608386E2  
 2.290000000000000E10    5.301665702364378E-1   1.712717082394437E2  
 2.295000000000000E10    5.147877111567210E-1   1.663172995105960E2  
 2.300000000000000E10    4.988507627801435E-1   1.613008850602578E2  
 2.305000000000000E10    4.850036391116197E-1   1.564934099043256E2  
 2.310000000000000E10    4.702532611536373E-1   1.519686863680144E2  
 2.315000000000000E10    4.577738169622156E-1   1.473342343427934E2  
 2.320000000000000E10    4.449353631034200E-1   1.429206194880195E2  
 2.325000000000000E10    4.325242760423340E-1   1.383251368429220E2  
 2.330000000000000E10    4.222581358491525E-1   1.339472267101641E2  
 2.335000000000000E10    4.103841407834068E-1   1.296617608624862E2  
 2.340000000000000E10    4.008761140187144E-1   1.251760524034385E2  
 2.345000000000000E10    3.904421188739000E-1   1.207742833615338E2  
 2.350000000000000E10    3.804527098277444E-1   1.165740955455221E2  
 2.355000000000000E10    3.695663227047596E-1   1.122684245399031E2  
 2.360000000000000E10    3.596650971815664E-1   1.080277499015794E2  
 2.365000000000000E10    3.495185581016196E-1   1.038840595700135E2  
 2.370000000000000E10    3.386284918976103E-1   9.963820021984607E1  
 2.375000000000000E10    3.306767324543762E-1   9.538191497145131E1  
 2.380000000000000E10    3.198108309901074E-1   9.145748465533384E1  
 2.385000000000000E10    3.102801329027873E-1   8.736685645140207E1  
 2.390000000000000E10    3.007728380510912E-1   8.344788962148191E1  
 2.395000000000000E10    2.929618341897717E-1   7.952206374937096E1  
 2.400000000000000E10    2.857063895886231E-1   7.621002147553978E1  
 2.405000000000000E10    2.777028053471604E-1   7.262084201578335E1  
 2.410000000000000E10    2.736179854542577E-1   6.929520663077855E1  
 2.415000000000000E10    2.674921247168984E-1   6.596149801671872E1  
 2.420000000000000E10    2.656401165786620E-1   6.257076522209714E1  
 2.425000000000000E10    2.627762790933851E-1   5.978087615564110E1  
 2.430000000000000E10    2.593124903456593E-1   5.601626572796948E1  
 2.435000000000000E10    2.577881499131085E-1   5.273376838950016E1  
 2.440000000000000E10    2.546431645149954E-1   4.905524371989620E1  
 2.445000000000000E10    2.552623811163529E-1   4.511446629043875E1  
 2.450000000000000E10    2.525966476118048E-1   4.154099237762198E1  
 2.455000000000000E10    2.537799028794924E-1   3.655477278687359E1  
 2.460000000000000E10    2.533185454289380E-1   3.283719248272525E1  
 2.465000000000000E10    2.508598367254626E-1   2.762451968352756E1  
 2.470000000000000E10    2.539931838677113E-1   2.347838408257421E1  
 2.475000000000000E10    2.509076623296729E-1   1.897992231073999E1  
 2.480000000000000E10    2.513007196893015E-1   1.391553058986368E1  
 2.485000000000000E10    2.510366420637436E-1   9.920391742823821  
 2.490000000000000E10    2.497953441338615E-1   4.489295148626106  
 2.495000000000000E10    2.513656428295108E-1   2.931127138831543E-1  
 2.500000000000000E10    2.466104558717502E-1  -4.246438849299955  
 2.505000000000000E10    2.486711289521788E-1  -9.012162749211829  
 2.510000000000000E10    2.457385519424277E-1  -1.328287125773778E1  
 2.515000000000000E10    2.450906154253184E-1  -1.849563047300022E1  
 2.520000000000000E10    2.481238687348145E-1  -2.274890685708080E1  
 2.525000000000000E10    2.435655625918426E-1  -2.799818437311144E1  
 2.530000000000000E10    2.491724784169454E-1  -3.259807329970047E1  
 2.535000000000000E10    2.447773738813243E-1  -3.717276209585637E1  
 2.540000000000000E10    2.427655875453681E-1  -4.260294951280957E1  
 2.545000000000000E10    2.425187858150266E-1  -4.627999267021576E1  
 2.550000000000000E10    2.382730790009527E-1  -5.171591833732909E1  
 2.555000000000000E10    2.389173146078975E-1  -5.619335067179998E1  
 2.560000000000000E10    2.324571648010140E-1  -6.012447041458031E1  
 2.565000000000000E10    2.337116658429696E-1  -6.494969547963665E1  
 2.570000000000000E10    2.289183201656602E-1  -6.888954341812961E1  
 2.575000000000000E10    2.278629734396524E-1  -7.307551766072996E1  
 2.580000000000000E10    2.280583730175647E-1  -7.654698399932804E1  
 2.585000000000000E10    2.261981863628412E-1  -8.056521317661016E1  
 2.590000000000000E10    2.273391556137191E-1  -8.477639657140071E1  
 2.595000000000000E10    2.251269728101957E-1  -8.866474932566017E1  
 2.600000000000000E10    2.257502588499536E-1  -9.298406608456214E1